0.4042000000
0.4126000000
0.4210000000
0.4294000000
0.4378000000
0.4462000000
0.4546000000
0.4630000000
0.4714000000
0.4798000000
0.4882000000
0.4966000000
0.5050000000
0.5134000000
0.5218000000
0.5302000000
0.5386000000
0.5470000000
0.5554000000
0.5638000000
0.5722000000
0.5806000000
0.5890000000
0.5974000000
0.6058000000
0.6142000000
0.6226000000
0.6310000000
0.6394000000
0.6478000000
0.6562000000
0.6646000000
0.6730000000
0.6814000000
0.6898000000
0.6982000000
0.7066000000
0.7150000000
0.7234000000
0.7318000000
0.7402000000
0.7486000000
0.7570000000
0.7654000000
0.7738000000
0.7822000000
0.7906000000
0.7990000000
0.8074000000
0.8158000000
0.8242000000
0.8326000000
0.8410000000
0.8494000000
0.8578000000
0.8662000000
0.8746000000
0.8830000000
0.8914000000
0.8998000000
0.9082000000
0.9166000000
0.9250000000
0.9334000000
0.9418000000
0.9502000000
0.9586000000
0.9670000000
0.9754000000
0.9838000000
0.9922000000
1.0006000000
1.0090000000
1.0174000000
1.0258000000
1.0342000000
1.0426000000
1.0510000000
1.0594000000
1.0678000000
1.0762000000
1.0846000000
1.0930000000
1.1014000000
1.1098000000
1.1182000000
1.1266000000
1.1350000000
1.1434000000
1.1518000000
1.1602000000
1.1686000000
1.1770000000
1.1854000000
1.1938000000
1.2022000000
1.2106000000
1.2190000000
1.2274000000
1.2358000000
1.2442000000
1.2526000000
1.2610000000
1.2694000000
1.2778000000
1.2862000000
1.2946000000
1.3030000000
1.3114000000
1.3198000000
1.3282000000
1.3366000000
1.3450000000
1.3534000000
1.3618000000
1.3702000000
1.3786000000
1.3870000000
1.3954000000
1.4038000000
1.4122000000
1.4206000000
1.4290000000
1.4374000000
1.4458000000
1.4542000000
1.4626000000
1.4710000000
1.4794000000
1.4878000000
1.4962000000
1.5046000000
1.5130000000
1.5214000000
1.5298000000
1.5382000000
1.5466000000
1.5550000000
1.5634000000
1.5718000000
1.5802000000
1.5886000000
1.5970000000
1.6054000000
1.6138000000
1.6222000000
1.6306000000
1.6390000000
1.6474000000
1.6558000000
1.6642000000
1.6726000000
1.6810000000
1.6894000000
1.6978000000
1.7062000000
1.7146000000
1.7230000000
1.7314000000
1.7398000000
1.7482000000
1.7566000000
1.7650000000
1.7734000000
1.7818000000
1.7902000000
1.7986000000
1.8070000000
1.8154000000
1.8238000000
1.8322000000
1.8406000000
1.8490000000
1.8574000000
1.8658000000
1.8742000000
1.8826000000
1.8910000000
1.8994000000
1.9078000000
1.9162000000
1.9246000000
1.9330000000
1.9414000000
1.9498000000
1.9582000000
1.9666000000
1.9750000000
1.9834000000
1.9918000000
2.0002000000
2.0086000000
2.0170000000
2.0254000000
2.0338000000
2.0422000000
2.0506000000
2.0590000000
2.0674000000
2.0758000000
2.0842000000
2.0926000000
2.1010000000
2.1094000000
2.1178000000
2.1262000000
2.1346000000
2.1430000000
2.1514000000
2.1598000000
2.1682000000
2.1766000000
2.1850000000
2.1934000000
2.2018000000
2.2102000000
2.2186000000
2.2270000000
2.2354000000
2.2438000000
2.2522000000
2.2606000000
2.2690000000
2.2774000000
2.2858000000
2.2942000000
2.3026000000
2.3110000000
2.3194000000
2.3278000000
2.3362000000
2.3446000000
2.3530000000
2.3614000000
2.3698000000
2.3782000000
2.3866000000
2.3950000000
2.4034000000
2.4118000000
2.4202000000
2.4286000000
2.4370000000
2.4454000000
2.4538000000
2.4622000000
2.4706000000
2.4790000000
2.4874000000
2.4958000000
